-1.271299005003796083e+03
-3.214645138983228662e+03
-6.969347032292209406e+03
-6.655803625883075256e+03
-4.479652585845617978e+03
-3.042130593761154614e+03
-3.969874150887283577e+03
-6.010096830505272919e+03
-1.249386642917103200e+04
-2.658786521227154935e+03
-5.543651759563726046e+03
-5.126727707967066863e+02
-5.342077645760495216e+03
-4.389433410083913259e+03
-7.065480472039437700e+03
-1.133915163583120176e+02
-4.208253044403183594e+03
-3.460612874126240058e+03
-4.130506612200475502e+03
-3.150422269183181015e+03
-9.017452502621388703e+03
-2.800429345782390556e+03
-1.984533353124358428e+03
-7.143822589966162923e+03
-6.067788693385621173e+02
-1.260293508315578401e+04
-6.715844526201435656e+03
-7.449060361761003151e+03
-1.019910509591622940e+04
-8.462931319255027120e+03
-4.640140781483579303e+03
-9.019363828208358882e+02
-1.546566466272725847e+03
-9.390120091249955294e+03
-3.914913922942570935e+03
-8.746805556419884624e+02
-4.528529966267286909e+03
-2.238245670964376131e+03
-4.769622372126627852e+03
-4.533361276652778542e+03
-6.236157719776785598e+03
-1.777357565037527593e+03
-8.181514167071538395e+03
-1.320909175304615474e+03
-5.241515291658571186e+03
-7.524132677805206185e+03
-4.529323593083184278e+03
-3.391713953079998873e+02
-7.859689182840899093e+02
-2.760650650691958162e+03
-5.786114448154602542e+03
-8.557617760965425987e+03
-6.387206649630307766e+03
-4.367383989291332000e+03
-4.983679353801679099e+03
-4.057245756193739453e+03
-1.848489494759307718e+03
-1.031336078291217564e+04
-1.068901756844524016e+03
-3.476511673956961658e+03
-4.771182191223962036e+03
-4.247751339827475931e+03
-2.304590972320002038e+03
-4.058732520107272990e+02
-9.683376537077980174e+03
-3.512157633856134908e+03
-4.374708747583371405e+03
-8.551558550395813654e+03
-6.882356936175021474e+03
-7.344102294666432499e+03
-7.038060095402501247e+03
-9.701995202968628291e+03
-2.245521821854968948e+03
-4.868034332350523982e+03
-1.212246666969322405e+03
-6.319187756474267189e+03
-7.506587537311022061e+03
-5.226806143477279875e+03
-4.465930935717295142e+03
-5.216676414454157566e+03
-9.540969626932937899e+03
-6.116563916658409653e+03
-1.296809602301604400e+03
-6.655616317592893211e+03
-4.555748977313242904e+03
-3.584560739711634142e+03
-1.179741618944980473e+04
-6.434279155323250961e+03
-1.338562876020845943e+04
-3.897651188288204139e+03
-3.417394816896316570e+03
-9.555563138809540760e+03
-8.333904775580287605e+03
-5.619395817529908754e+02
-4.153070571804008978e+03
-5.913863220024014481e+03
-5.608187479678796990e+03
-3.591957559739612407e+03
-6.099128333592459057e+03
-3.684715791588670527e+03
-4.134058465130005970e+03
-9.490094016784803898e+03
-3.898196069509484914e+03
-2.174318951778019709e+03
7.268264411049613045e+02
-1.060801139084170063e+04
-3.349893737223429980e+03
-9.689690124683780596e+03
-1.712537624716109121e+03
-4.877210731685063365e+03
-4.078955074987568878e+03
-5.839277598799190855e+03
-4.249146003063267926e+03
-6.385949386128846527e+03
-7.134797042495782080e+03
-7.355688142459043775e+03
-4.762873003087953293e+03
-5.301373618964184971e+03
-6.972053682954307988e+03
-6.122880658468649926e+03
-6.495008414325430749e+03
-4.097966832532284570e+03
-1.618573608560933280e+03
-5.558485743601070681e+03
-5.987939415834121064e+03
-4.458042578214192872e+03
-1.283398720947501715e+03
-3.431416305107687094e+03
-5.198050161965325060e+03
-1.640707523755793090e+03
-3.723971261652811791e+03
-1.742187489832829669e+03
-3.312871219109113099e+03
-4.179745715650299644e+03
-2.070882409942260892e+03
-7.086753992272077085e+03
-7.362628557516281035e+03
-3.632971434277581920e+03
-4.589331163564317649e+03
-4.069136014606907338e+03
-1.074117228635405127e+03
-8.078046345360719442e+02
-5.236127889466909437e+03
-2.892207165778410854e+03
-3.445808047297292887e+03
-6.310050136553290940e+03
-3.522635015600747010e+03
-9.646419036016272003e+03
-5.231375851773762406e+03
-3.512823554261898607e+03
-6.673817294284901436e+03
-7.846265162712890742e+03
-7.435815070231660684e+03
-1.352728833892526382e+03
-5.038654194251514127e+03
-3.650882954556266213e+03
-6.659196830278295238e+03
-3.071904262716415360e+03
-5.163989853024547301e+03
-4.717665279314546751e+03
-2.853252257925160393e+03
-2.105508164404813215e+03
-1.075936216937303470e+04
-5.939927733094735231e+03
-7.339020527663446956e+03
-4.755551188083907618e+03
6.993580160595589632e+02
-5.433769921014751162e+03
-3.586524548104735004e+03
-4.051648729628444926e+03
-4.043385035838775821e+03
-1.829335984603268571e+03
-4.195786255574120332e+03
-4.698263166083093893e+03
-8.797752733665060077e+03
-4.262685794224779784e+03
-1.384073717414511975e+03
-5.666200988724536955e+02
-4.737680709103060508e+03
-3.614845480352711093e+03
-9.396682949650588853e+03
-7.526197196270410132e+03
-4.264897046574433261e+03
-4.680007654368294425e+03
-5.906043904958998610e+03
-4.653870754603303794e+03
-7.929422952680567505e+03
-5.541991993219531651e+03
-4.063889868764882976e+03
-2.402630506548856829e+03
-2.870883591639340011e+03
-6.137411297833407843e+03
-3.585658496872447358e+03
-5.213655732410990822e+03
-1.551544238889133339e+03
-3.249986789858451630e+03
-2.938108527344129016e+03
-5.405752323556598640e+03
-4.360026778055496834e+03
-4.310126731996111630e+03
-2.759281942139958119e+03
-4.806401448684956449e+03
-1.904386370009550092e+03
-3.312167211721610329e+03
-4.015384288775073856e+03
-3.966042067198417953e+03
-2.559512260867508303e+03
-3.647444438648527012e+03
-3.964837755129611651e+03
-2.958939097724593012e+03
-3.702598319032395466e+03
-8.704751791341328499e+03
-7.719260960845082991e+03
-1.464299740780104003e+03
-3.910705694810594650e+03
-4.843842528523189685e+03
-1.272960313192683088e+03
-1.828349304774290204e+03
-7.829992843760118376e+03
-5.942128300506392407e+03
-1.065618137674906848e+03
-5.203331764143646069e+03
-1.361834477760170103e+03
-9.765329817681165878e+03
-3.478089422486409148e+03
-3.924278569167233854e+03
-2.672625720073951470e+03
-6.867874339493848311e+03
-4.549490891841821394e+03
-1.111161095381965788e+04
-5.143671693542372850e+03
-2.673460398236090896e+03
-6.965616546672185905e+03
-4.976016079234405879e+03
-3.747029225115889403e+03
-3.867967068883089723e+03
1.046504298397499724e+03
-4.600533768647683246e+03
-1.545681998217994305e+03
-6.403706358121826270e+03
-4.011306131484469461e+03
-2.794747252825548458e+03
-6.791422209874058353e+03
-5.892500897981184607e+03
-6.751081807426783598e+03
-4.610532510715985154e+03
-3.806862029651737885e+03
-6.389559944016189547e+03
-4.699223161954204784e+02
-3.601317652774358521e+03
-3.565018534158286002e+03
-1.684136978118060142e+03
-2.387730623082266902e+03
-1.439117870733344716e+03
-3.842120539197370363e+03
-5.633369541385657612e+03
-2.779623805026462833e+03
-1.469480943449966617e+03
-3.042335072218601454e+03
-9.932767976288747377e+03
-1.533162608334462902e+03
-5.617027441420318610e+03
-2.840125395456998831e+03
-1.574039318819094433e+03
-6.566842513249241165e+03
-4.079733535310735533e+03
-4.968760282963400641e+03
-6.993791480897897600e+03
-8.543198816798025064e+02
-4.370855062313258941e+02
-3.880715402079147225e+03
-3.584066594052723303e+03
-5.678914492747530858e+02
-4.709114715499300473e+03
-6.264530819029607301e+03
-3.503614505247152010e+03
-5.879754132717273933e+03
-4.433198332482126716e+03
-4.044168139307572801e+03
-2.104744153795718375e+03
-6.783936522809104645e+03
-6.789224468272497688e+03
-2.070153112015601437e+03
-5.096265343437586125e+03
-2.314540531063566050e+03
-2.949511138182099330e+03
-9.022544795637035122e+02
-3.901637133448782606e+03
-9.524417398007576594e+02
-4.648716261283241693e+03
-2.055959746973715482e+03
-3.382845092322122582e+03
-1.076941930689030187e+03
-9.097388077586827421e+03
-4.787147522232591655e+03
-5.965088682951610281e+03
-6.453014211878980859e+02
-3.404212140746733894e+03
-3.938519957112212069e+02
-3.889047723261547162e+03
-6.304717610878680716e+03
-1.792837823982508553e+03
-5.992716634516321392e+03
-5.537132274399951712e+03
-2.012368710877823105e+03
-6.557527035282472752e+03
-9.336242675261824843e+03
-6.241365868533564935e+03
-7.917223590742677516e+03
-7.564896017006944930e+02
-1.818203727246021117e+03
-7.568624833241363376e+03
-3.087473712129746218e+03
-4.303218159242967886e+03
-5.863314565480939564e+03
-3.839894733474777240e+03
-1.301573878091941879e+03
-8.944297496936571406e+03
-4.271907272477628794e+03
-7.047990791183050533e+03
-2.355850228473025254e+03
-1.019432117508154442e+04
1.494506375216432616e+03
-6.449595416420303991e+03
-9.426011400738736484e+03
-4.125015094062705430e+03
-8.126076548215427465e+03
-6.666521391553711737e+02
-3.306118209437710448e+03
-5.267398834409177653e+03
-4.009964233146568404e+03
-5.468842868882806215e+03
-5.783073159698208656e+03
-5.284959394981025071e+03
-3.502708794733084233e+03
-2.861772081481860369e+03
-3.961302692912667226e+03
-3.491693809661057344e+02
-2.520176262098246752e+03
-5.917566766813076356e+03
-9.111765518116297244e+03
-2.269463691655404546e+03
-6.117481841032181364e+03
-5.611314998676799405e+03
-1.124807163376407061e+03
-8.210297077410195925e+02
-7.891567859482939639e+03
-3.510851501915714380e+03
-4.168593954889807719e+03
-4.764148885425118351e+03
-1.811521989382215224e+03
-2.434175823798529564e+03
-6.734129731472729873e+03
-1.838271395033619456e+03
-2.987291700136007876e+03
-6.499980111821579158e+03
-2.258636249665980358e+03
-2.329478367626925774e+03
-7.392671598082912169e+03
-4.990510120159819053e+03
-4.042362453125885168e+03
-1.225666474528580920e+03
-2.565237138708953353e+03
-2.606907883017903259e+03
-3.829788520591378528e+03
-2.154322396649007260e+03
-3.426907521970986636e+03
-1.050311020576049941e+03
-5.982672159793199171e+03
-3.683019821145784590e+03
-4.548238303479512069e+03
-3.167843202775881764e+03
-5.123490855866746642e+03
-4.907618655533469791e+02
-3.682800343417671229e+03
-5.594821430245966440e+03
-5.704874057684850413e+03
-3.275342611911929907e+03
-5.305154207477852424e+02
-9.735906620910149286e+03
-6.625882070021669279e+03
-1.183427123661560654e+04
-3.143179759877188644e+03
-4.849096942912690793e+03
-2.867573021628873903e+03
-4.131978209489017900e+03
-5.731387644051038478e+03
-3.097039165984695614e+02
-1.095116137625150259e+04
-8.961597720676478275e+03
-8.398443571147747207e+03
-9.222020032017348967e+02
-3.257835263282696815e+03
-3.441050882460458979e+03
-3.307580571050907110e+03
-3.839530081615095696e+03
7.604755181355334344e+02
-9.494755545281831246e+02
2.098710619469550664e+01
-3.380035706309449324e+03
-3.686470251624685716e+03
-8.630903505325917649e+03
-4.939808309709067544e+03
-1.513966376364141524e+03
-8.729766090221221475e+02
-5.470732319792235103e+03
-5.835984822690264991e+03
-1.166853637926048805e+03
-3.994507136743940009e+03
-6.486103323388992067e+03
-4.163216616528362465e+03
-8.375236514970196367e+03
-7.629005905225842071e+03
-9.936140448310377451e+02
-8.311621102477824024e+03
-8.433820457655774590e+03
-1.006484286668833647e+03
-7.207201791116587628e+03
-3.053314203730245481e+03
-3.217515113357223981e+03
-2.482521598916526727e+03
-2.442433502467024482e+03
-3.823950877667008172e+03
-3.770425140889275099e+03
-2.969126543663659504e+03
-5.291962455451113783e+03
-8.488246891778877398e+03
-5.326052518551588946e+03
-2.504761696774484335e+03
-1.070326080507167489e+03
-5.249047989794689784e+02
-4.719395446658806577e+03
-1.662942151951823917e+03
-4.601186232766332068e+03
-1.271299005003796083e+03
-6.969347032292209406e+03
-6.655803625883075256e+03
-4.479652585845617978e+03
-3.042130593757714450e+03
-3.969874150888921122e+03
-1.249386642917103200e+04
-5.543651759563726046e+03
-5.342077645760495216e+03
-4.389433410083913259e+03
-7.065480472039437700e+03
-1.133915163583120176e+02
-4.208253044402445994e+03
-4.130506612200475502e+03
-9.017452502621388703e+03
-2.800429345782390556e+03
-1.984533353124349333e+03
-7.143822589966162923e+03
-1.260293508315578401e+04
-6.715844526201435656e+03
-7.449060361761003151e+03
-1.019910509591622940e+04
-8.462931319255027120e+03
-4.640140781483579303e+03
-1.546566466272144226e+03
-9.390120091249955294e+03
-3.914913922942570935e+03
-8.746805556389608682e+02
-4.528529966267286909e+03
-2.238245670964376131e+03
-4.533361276652778542e+03
-6.236157719776785598e+03
-1.777357565037527593e+03
-8.181514167072952660e+03
-1.320909175305764165e+03
-5.241515291658571186e+03
-7.524132677805204366e+03
-4.529323593083184278e+03
-5.786114448154602542e+03
-8.557617760965425987e+03
-6.387206649630307766e+03
-4.367383989291332000e+03
-4.983679353800371246e+03
-4.057245756195361537e+03
-1.848489494759307718e+03
-1.031336078291217564e+04
-1.068901756844524016e+03
-3.476511673956961658e+03
-4.247751339830937468e+03
-2.304590972319787397e+03
-9.683376537077978355e+03
-3.512157633856134908e+03
-4.374708747583040349e+03
-8.551558550398871375e+03
-7.344102294666433409e+03
-7.038060095402501247e+03
-9.701995202968628291e+03
-2.245521821854968948e+03
-4.868034332350523982e+03
-1.212246666969322405e+03
-6.319187756474267189e+03
-7.506587537311022061e+03
-4.465930935717295142e+03
-5.216676414454157566e+03
-9.540969626932937899e+03
-6.116563916658409653e+03
-1.296809602301604400e+03
-4.555748977313242904e+03
-3.584560739711634142e+03
-1.179741618944980473e+04
-6.434279155323250961e+03
-1.338562876020845943e+04
-3.897651188288205049e+03
-9.555563138809540760e+03
-8.333904775580211208e+03
-5.619395817517889782e+02
-4.153070571804008068e+03
-5.913863220024013572e+03
-5.608187479678796990e+03
-4.134058465129960496e+03
-9.490094016784803898e+03
-3.898196069509484914e+03
-2.174318951778039263e+03
7.268264411049613045e+02
-1.060801139084170063e+04
-3.349893737223429980e+03
-9.689690124686254421e+03
-1.712537624716109121e+03
-4.877210731685063365e+03
-4.078955074988422439e+03
-5.839277598798332292e+03
-4.249146003063267926e+03
-6.385949386130910170e+03
-7.134797042494405105e+03
-4.762873003087953293e+03
-5.301373618964184971e+03
-6.122880658468649926e+03
-6.495008414325430749e+03
-4.097966832532284570e+03
-1.618573608560933280e+03
-5.558485743600897877e+03
-5.987939415834121064e+03
-1.283398720947501715e+03
-3.431416305107687094e+03
-5.198050161965325060e+03
-1.742187489831586163e+03
-3.312871219107008528e+03
-4.179745715650037710e+03
-2.070882409942260892e+03
-7.086753992272208052e+03
-7.362628557517355148e+03
-3.632971434278776087e+03
-4.589331163564317649e+03
-4.069136014606907338e+03
-1.074117228635405127e+03
-5.236127889466911256e+03
-2.892207165777080263e+03
-3.445808047297292887e+03
-6.310050136553290940e+03
-3.522635015600747010e+03
-9.646419036016272003e+03
-3.512823554262474318e+03
-6.673817294285261596e+03
-7.846265162712890742e+03
-7.435815070231660684e+03
-1.352728833892526382e+03
-5.038654194251535955e+03
-3.071904262716397170e+03
-5.163989853022586431e+03
-4.717665279314546751e+03
-2.105508164404813215e+03
-1.075936216937303834e+04
-5.939927733094735231e+03
-7.339020527663446956e+03
-4.755551188082383305e+03
6.993580160595589632e+02
-5.433769921014751162e+03
-3.586524548105373924e+03
-4.051648729628445835e+03
-4.043385035837452506e+03
-1.829335984602834969e+03
-8.797752733665060077e+03
-4.262685794224779784e+03
-1.384073717414511975e+03
-5.666200988724536955e+02
-4.737680709103060508e+03
-3.614845480353148105e+03
-9.396682949650587034e+03
-7.526197196272569272e+03
-4.264897046569288250e+03
-4.680007654368781914e+03
-5.906043904958970415e+03
-4.653870754603303794e+03
-7.929422952680567505e+03
-4.063889868764882976e+03
-6.137411297833648860e+03
-3.585658496871762964e+03
-5.213655732410946257e+03
-1.551544238889133339e+03
-3.249986789858451630e+03
-2.938108527344129016e+03
-5.405752323556675037e+03
-4.806401448684956449e+03
-4.015384288775107507e+03
-3.966042067198369750e+03
-3.964837755129611651e+03
-2.958939097724593012e+03
-8.704751791341328499e+03
-7.719260960845082991e+03
-3.910705694810441400e+03
-4.843842528523189685e+03
-1.272960313192683088e+03
-1.828349304774290204e+03
-7.829992843760118376e+03
-1.065618137674906848e+03
-5.203331764143646069e+03
-1.361834477760170103e+03
-9.765329817681496934e+03
-3.478089422486409148e+03
-3.924278569167233854e+03
-6.867874339493850130e+03
-4.549490891841821394e+03
-1.111161095381965788e+04
-2.673460398236090896e+03
-6.965616546672185905e+03
-3.747029225115889403e+03
-3.867967068883089723e+03
1.046504298397499724e+03
-4.600533768647683246e+03
-6.403706358121331505e+03
-4.011306131483197987e+03
-6.791422209874058353e+03
-5.892500897981184607e+03
-6.751081807426783598e+03
-4.610532510715985154e+03
-3.806862029650882960e+03
-3.601317652777830517e+03
-3.565018534157774411e+03
-2.387730623082266902e+03
1.000987049449470732e+02
-1.566141997170040668e+03
-1.045562781764571628e+04
-6.366043908949151955e+03
-1.237601358307932514e+03
-4.621458335719788920e+03
-2.088803062484776547e+03
-3.412547788476512324e+03
4.784595813995580329e+02
-3.981921149221535870e+03
-2.952478281733076074e+03
-6.477861498661537553e+03
-4.215152110193982480e+03
-2.539290367445813104e+02
1.933583308531930243e+02
-4.405561242899179888e+03
4.791337180660328841e+02
2.661212449674435447e+02
3.099976461920411452e+02
-1.287636861015417935e+03
-1.172026929865113971e+03
-3.074394833029592974e+03
-1.896216674019900381e+02
-3.809938932828413272e+02
-2.220829348060631673e+03
2.320528543999942599e+02
-9.054312142535793100e+03
-5.855411213193759750e+02
-1.085101048553781084e+03
-2.929769316820726999e+03
-2.458942359652480263e+03
-8.439781441501208974e+03
-5.524661295682589298e+03
-7.809318836595915627e+02
-3.734493669331627075e+02
-7.965395441771607693e+03
5.465789303037732907e+02
-1.700829552489888556e+03
-1.747903130861233421e+03
-3.069473199664941149e+03
-6.360445648864773602e+02
-8.201597775473078400e+02
-1.797105203026130766e+03
-3.587214744270091842e+02
-1.568745630253881245e+03
-5.364110595421967446e+03
-2.040477925362605447e+03
-2.869738244169537211e+03
-1.103274933491708225e+02
-2.839692641665073097e+03
-1.346187131388162243e+03
-5.394098266532432717e+03
-4.433442734040037067e+03
4.288488497307240550e+02
9.331970576381836224e+01
-6.101529454568200208e+02
-9.650871880596572510e+02
-3.569657183504408749e+03
-2.325567575653935364e+03
-2.352307508700272365e+02
-1.871732348807400513e+03
2.572338043609493639e+02
-3.640489304993376209e+03
2.968115543276345534e+02
1.291402258313797802e+02
-3.542606608584375408e+03
-2.593878550813511538e+03
-3.285482054062962476e+01
-8.348465958505619710e+03
-3.923999485111968170e+03
-1.005916648931838267e+03
-8.663010824749593439e+02
1.032390490821547644e+02
-6.323330756414446114e+03
-4.573855106066289977e+02
-1.856155270514389031e+03
-6.698745529488175634e+03
-3.411125146183332163e+03
-1.210856228262759487e+03
-1.682305712932412973e+02
-4.286598547846873771e+03
-1.870947498242090035e+02
-2.318287895033957739e+03
-4.640739398522898227e+03
-1.655080553358535553e+03
-4.252213880568236164e+03
-7.435587661782597934e+03
-4.740869266190120470e+03
-1.247732157067863682e+03
-7.635762194880470815e+03
-4.976541643577004834e+03
-3.144426367573868902e+03
-2.028547539104925818e+03
-6.218674040171980778e+03
-3.819657735168680574e+03
-6.551318178122478457e+03
2.118238201410522663e+02
-6.097335249356396162e+03
-6.115266272520918392e+03
3.165121619529484178e+02
-5.206664314842413660e+03
2.850852882222588391e+02
3.020914586064952232e+02
-3.853642546843361288e+03
-2.225862896575378272e+03
-3.868291683261051730e+03
-3.220890218578713757e+03
-8.103448331457350832e+03
7.875572835741672861e+02
-5.437347214828759206e+03
-7.207299048033735289e+01
-4.751109358274046031e+02
-3.068863277051005753e+03
-1.383901239370967915e+03
-2.029931040615190341e+03
-4.257501672531147960e+03
-3.249672906427245380e+03
-3.168372725932137655e+03
1.496380001442658880e+01
-4.798013201077376834e+03
-5.764653154922705198e+02
-2.962335401894875304e+03
3.730051613245601629e+02
-4.115446576806675694e+03
1.966622270326136901e+00
-5.719276754444954349e+03
3.940226014005813227e+01
2.105828504416411704e+02
-9.917146615165410140e+02
-1.898724367807286626e+03
-2.109117988385481112e+03
-8.929656516009280267e+02
-9.298167883984109721e+03
3.027786019718647026e+02
-1.992326100946712586e+02
-6.835447556404481873e+01
-1.157836148456691717e+03
-2.274331911500311207e+02
-1.162597518164462144e+03
-3.803116222212875073e+03
5.679672712672546453e+01
-1.329157286126424515e+04
5.209381501273494450e+02
-5.265559868316444408e+03
-6.078555864399736492e+03
-1.113356331882984875e+02
1.259336692806617975e+03
1.401700616701743911e+02
-6.902549191256308347e+01
-1.036795638513887008e+00
-1.228993379939737224e+03
-5.827623760334129656e+03
4.022219206500054156e+02
-1.680203104805679232e+03
-3.388687771619594514e+03
-6.276445922017172052e+03
-3.785407159927747216e+03
-7.693519259487427917e+03
9.160587623265237198e+02
-7.716123683580533907e+03
-5.919688158876692796e+03
-2.515160710415998892e+03
-5.066266607440717962e+03
-2.293510575967226032e+03
-4.102643293512415767e+03
-3.038286176889659146e+03
-1.415126411097724031e+02
-6.247949924698982613e+03
-8.930006045799673302e+02
-3.997876630758227748e+03
-2.122936114620506487e+03
-6.748530419463092585e+03
-3.282056906489497123e+03
-4.200107848384507633e+03
-6.724779095133936835e+02
1.457686073744953319e+02
-8.207256702466356728e+03
-2.572925169634146187e+03
-1.558253456450316435e+03
-1.981199503079297529e+03
-6.509452185764759633e+03
-1.855383372911599338e+01
-2.599789833477837874e+03
-2.766370868256974063e+03
-9.571732459890678001e+03
3.979796135975688571e+02
2.181288722880221940e+02
-4.388125346831379829e+03
-1.023642446086315658e+03
1.019152571805464845e+03
-4.117912776825970468e+03
3.328031355144137251e+02
-3.121018653040760000e+03
-1.506808092234255810e+03
4.063021733228736139e+02
-3.789000715935821063e+03
-9.322999966025612594e+03
-6.413444927514019582e+03
-8.378763770867344647e+03
-1.009150220160143726e+04
-7.831244987427103297e+03
-5.711408749506668983e+02
6.108187743811912469e+02
3.564475495013590489e+02
-7.931205134566042943e+03
-3.925977436294407426e+02
-4.973149609712376332e+03
2.952466724936079459e+02
-3.690774875684526705e+03
1.062497055843243288e+03
-4.236696347945660818e+03
-2.880608619589008413e+03
-1.031758408465495631e+04
-4.992173283534953953e+03
-2.459541897302628058e+03
-2.641769150709121732e+03
-2.257793234584531547e+03
-9.142841145590815586e+02
-1.268917251094057292e+03
5.677499821085782372e+01
-3.477784543946784197e+03
-4.408795614202323122e+03
-2.713562966542598133e+03
-5.326869489318278283e+03
2.833055664797652184e+02
-9.592929937369311801e+02
-2.197991683565191579e+03
-2.765030907446560832e+03
-2.983919041113770618e+03
-3.942224082354655820e+03
-5.058469353945843636e+02
-8.757062456456673317e+03
-1.675436390083343213e+03
-4.347026643473292324e+02
-3.689242630450894922e+03
4.455338667880017312e+01
-3.399867492976063659e+03
-4.372897318566588183e+03
-6.042881267103626669e+03
-9.261465570855681335e+02
-2.911798917070540483e+03
-4.031934582115798548e+03
2.368305592421605184e+02
1.301200231299603161e+02
-8.236868373951524518e+02
-6.216153378012683106e+02
2.575504605064391512e+02
1.691665026190284777e+02
-1.846158038721646335e+03
-1.994415871673682204e+03
-3.652601838396999028e+03
-4.691975189506309107e+03
-3.666933390451382820e+03
-1.234389171361138779e+03
-1.114490395355801866e+03
-8.567964865693813408e+03
-6.494088845178380325e+02
-7.060273642096617550e+02
-4.615567871071539230e+03
-1.952201703145629381e+03
-6.651460884371990687e+03
-1.721239286259721666e+03
-4.379584091491498839e+03
-1.165892074763176197e+03
2.078193973232550036e+02
-2.185996331053196172e+03
-1.628956340231234662e+03
-4.474709805430140477e+03
-3.912914330303589850e+03
-9.108547600214026261e+02
-6.390366825732768348e+02
-1.197417447582817658e+03
-1.593471045455333297e+03
-3.583887901751148092e+03
-5.184003265677959462e+03
-3.839134914297852902e+03
1.408136140032353012e+02
-6.434168048635615378e+03
-3.293146473894964856e+03
-4.935290002087236644e+03
3.772886286523476542e+02
-5.794819334805246172e+02
-1.238693756691344561e+03
4.672612401447869956e+02
-4.618460543477168358e+03
3.641713498537235978e+02
-6.931771991036227973e+02
-4.607127353914597734e+03
-2.667129775145124881e+02
-1.457017249183881177e+03
-4.334905422506220702e+02
2.438551201641155899e+02
-1.043700209030591213e+04
3.505604203567884269e+02
-3.853620250186420435e+03
-6.069161687960484414e+03
-4.382849873468790975e+03
-3.338413292284541967e+03
-6.532320195684066675e+03
4.273002373486634724e+02
-3.010225819465464610e+03
-7.837583814796685147e+03
-4.517046089771055449e+03
-2.896785313172726092e+03
-4.706244658690830875e+03
-6.119359704334901835e+03
-5.427376769658400917e+03
1.463095625936765600e+02
-3.032461091565394781e+03
-1.847833222517377408e+03
-1.338023636224003212e+03
-6.164077744332971633e+03
3.284039960794819990e+02
2.503006234675902704e+02
-6.261340050469655580e+03
-7.298341853727779380e+03
-1.488916056432346522e+03
-7.786044682453126597e+02
-1.341957049829452626e+04
-6.112489410123999960e+02
-2.501637881999654383e+03
-4.350975409486677563e+03
-4.358121213224524581e+03
-2.374095679508994635e+03
-5.156481213085683066e+02
-1.019760206583766831e+03
-5.141601011541189109e+03
-1.112843321000714241e+03
-1.318990707574675071e+03
-3.687331657082061156e+03
-4.522570415795819827e+03
1.717143852520918017e+02
-1.127953633949912728e+03
-1.077288029100091444e+04
3.494630289597010915e+02
7.823859723417364194e+02
8.171260444153408571e+02
-6.409033263882086430e+03
1.595633687356113342e+02
-4.761374343783451877e+03
-4.213947314352049943e+03
5.763919001651790950e+02
-6.892759239340812201e+02
-4.086286393901085603e+02
-3.432228605453322871e+03
-3.093309602848252325e+03
-4.405502097377672726e+03
-2.774455544363257104e+03
-2.511269681935422796e+03
-9.137906777862906893e+03
-1.861252117482889844e+03
3.562713172143676843e+02
-4.334128834629019366e+03
-7.703276463215142940e+02
-6.528765402173294206e+03
-3.100554190831906453e+03
-2.894234545524755504e+03
-1.251667227186440414e+03
-3.914687488473987287e+02
1.772430955250700890e+02
-2.370862461755028107e+03
-3.061585617753273254e+03
-6.572408352917705088e+03
-9.999855234149347325e+02
-1.774097244676078617e+03
-8.267032211293256694e+01
2.840644326483931650e+02
-1.189464166140830002e+03
-3.956624112804029210e+03
-3.169526229521320147e+03
-1.295744977004124667e+04
-1.501737340188942937e+02
-3.870693777080874952e+03
6.504993173509248550e+01
-5.806252574983524028e+03
-3.363029699980762871e+03
-8.632388304076714121e+03
-8.629960692599997856e+03
-1.117826031728759290e+03
-1.228823004831633398e+03
-3.045418421442094768e+03
-6.199809565714088421e+03
-1.106507553740951153e+03
-7.753542786022205291e+03
-3.661445745603133673e+03
-2.209695593508481124e+03
-1.418015068525644210e+03
-1.932852752610857806e+03
1.873982844661374543e+02
-1.165166150408161911e+03
-4.461274253862659407e+02
-4.333292867804059824e+03
-1.388802021353218379e+03
-4.879226214138592695e+03
-3.727822034277364764e+03
-7.834209817066999676e+03
-1.271481598808473427e+04
1.143803951011175997e+02
-3.138217310485590133e+03
-4.291335186294287269e+03
-9.603221990270700189e+03
-6.059242220200613701e+03
-8.417609719592357578e+03
-1.002093961336961911e+04
-4.180368319303865974e+03
-1.714217322131693436e+03
-6.760800979007859496e+03
-1.929994488760597164e+02
-8.786910014632452658e+03
-1.607184735191393884e+03
1.511949413223946749e+03
-1.369689842311083112e+03
-2.274261614628171628e+03
-2.335577729875795285e+03
-2.186939375459588973e+03
-9.208862758617810869e+02
-2.274261614628171628e+03
-2.335577729875795285e+03
-2.186939375459679468e+03
-9.208862758617810869e+02
-6.239377746088934146e+03
-4.090606338749587394e+03
-1.628068959930893925e+03
-1.863195225319378096e+03
-5.096017775699567210e+03
-3.060779142867550036e+03
-2.064828458425207373e+03
-1.490981689040091396e+03
-8.913271825813799296e+03
-1.201471385924047172e+04
-4.970285260684323475e+03
-4.880924814022170722e+03
-1.586698092917138638e+03
-1.970350497727900574e+03
-6.242253307944803964e+03
-4.762560476648673102e+03
-2.212390356153592208e+01
-5.478691566064766448e+03
6.712161055010091104e+01
-5.011456724497160394e+03
-2.204603102283565931e+03
-2.849390661001897570e+03
-4.328851533632181372e+02
-2.339732975664356672e+03
-5.985092684655056701e+02
-2.280198063133921551e+03
-4.859105441506249008e+03
-5.683801720636150094e+03
-5.687966575616276714e+03
-2.434788236417343796e+03
-9.460729397451819978e+02
-3.738701342347445916e+03
-1.734398357070723250e+03
-2.303949363287111282e+03
-7.207831463549555338e+03
-5.984823350444048629e+03
-6.172969902938156338e+03
-8.294813288724875747e+03
-9.815920483117150070e+03
-1.172272083937903744e+03
-2.303305973932427605e+03
-1.476795638089490467e+03
-6.612282864364071429e+03
-6.172183709104327136e+03
-2.379481423403989538e+03
-8.698912396862406240e+03
-7.202624615019472003e+03
-8.543323523822336938e+03
-6.674284357043218279e+02
2.968122559032072445e+02
1.182569566645516801e+02
-7.185029903049898167e+03
-5.964058000395052659e+03
-1.145484568165363726e+03
-2.139012105888404676e+03
6.644660622699639418e+01
-7.396615309233031894e+02
-6.386695474939384667e+02
-2.642994557927150709e+03
-6.890948088822173077e+02
-3.263441631309645345e+03
-8.095159196004887235e+03
-3.040448428505689208e+03
-6.033945284024026478e+03
-4.873277837987249768e+03
-4.353026060040246193e+03
-5.456405920349448024e+03
-9.137599928360914703e+01
-1.082842234213004076e+03
-1.117149942299438226e+04
-1.064761911791003513e+04
-1.082060132011992437e+03
-4.807950918318490039e+03
-1.485226828988305215e+03
-1.691541185945582413e+02
-8.351319809573960811e+03
-2.477626838959048200e+03
4.963302945719340187e+02
-3.903467976745298529e+03
-6.665367885925365954e+03
-7.114581565474085437e+03
-2.490156177197837224e+03
-1.091265802422958950e+04
-3.768113870890488670e+03
-1.098718515817086683e+02
-1.045562781764512692e+04
-1.237601358307932514e+03
-4.621458335719788920e+03
-3.412547788476512324e+03
-2.952478281733076074e+03
-6.477861498661537553e+03
-4.215152110193982480e+03
-3.074394833028459743e+03
-9.054312142535794919e+03
-8.439781441501208974e+03
-5.524661295681500633e+03
-7.965395441771951482e+03
-1.747903130860904412e+03
-8.201597775473078400e+02
-1.797105203026130766e+03
-3.587214744270091842e+02
-5.364110595421968355e+03
-2.040477925362605447e+03
-2.869738244169537211e+03
-1.346187131388162243e+03
-5.394098266532248999e+03
9.331970576384084382e+01
-2.352307508696324021e+02
-3.640489304993376209e+03
1.291402258313796096e+02
-3.542606608584375408e+03
-2.593878550813511538e+03
-3.285482054062962476e+01
-8.348465958505619710e+03
-3.923999485111968170e+03
-1.005916648931838267e+03
-8.663010824749593439e+02
-6.323330756414446114e+03
-1.856155270514388803e+03
-3.411125146183332163e+03
-1.210856228262078275e+03
-1.870947498242681206e+02
-1.655080553359599890e+03
-1.247732157067863454e+03
-7.635762194880470815e+03
-4.976541643577039395e+03
-3.819657735168680574e+03
-6.551318178122487552e+03
-6.097335249354621737e+03
-6.115266272521515930e+03
-5.206664314842413660e+03
-3.853642546843361288e+03
-2.225862896576547882e+03
-3.868291683261051730e+03
-3.220890218578713757e+03
-8.103448331457350832e+03
7.875572835741672861e+02
-5.437347214828759206e+03
-4.751109358274046031e+02
-3.068863277051005753e+03
-1.383901239370967915e+03
-4.257501672531264376e+03
-3.249672906427245834e+03
-3.168372725932137655e+03
-4.798013201077376834e+03
-2.962335401894875304e+03
3.730051613247411524e+02
-4.115446576806675694e+03
-5.719276754444986182e+03
-2.109117988385481112e+03
-9.298167883980262559e+03
-6.835447556404481873e+01
-1.162597518164462144e+03
5.679672712672546453e+01
-1.329157286126424515e+04
-5.265559868316445318e+03
1.259336692806618203e+03
-6.902549191256308347e+01
-5.827623760334130566e+03
-1.680203104803703809e+03
-3.785407159927747216e+03
-7.693519259487355157e+03
9.160587623265237198e+02
-7.716123683580533907e+03
-2.515160710415998892e+03
-2.293510575967226032e+03
-3.038286176889659146e+03
-1.415126411097724031e+02
-6.247949924698982613e+03
-3.997876630758227748e+03
-2.122936114620506487e+03
-6.748530419463092585e+03
-4.200107848384507633e+03
-8.207256702466356728e+03
-2.572925169634146187e+03
-6.509452185764759633e+03
-9.571732459890678001e+03
-4.388125346831379829e+03
-3.121018653040760000e+03
-1.506808092234255810e+03
-3.789000715935821063e+03
-9.322999966025612594e+03
-8.378763770868165011e+03
-1.009150220160117169e+04
-7.831244987427567139e+03
6.108187743811912469e+02
-7.931205134566042943e+03
-4.973149609712376332e+03
-3.690774875684548533e+03
1.062497055843243288e+03
-1.031758408465491448e+04
-4.992173283534953953e+03
-2.459541897302570305e+03
-2.641769150709121732e+03
-2.713562966542598133e+03
-5.326869489318278283e+03
-9.592929937369311801e+02
-5.058469353945843636e+02
-8.757062456456040309e+03
-3.399867492976063204e+03
-6.042881267103627579e+03
-2.911798917070540483e+03
-4.031934582115798548e+03
2.368305592421605184e+02
-6.216153378010859569e+02
-1.994415871673766333e+03
-3.652601838396999028e+03
-4.691975189506323659e+03
-3.666933390451382820e+03
-1.234389171361138779e+03
-1.114490395355801866e+03
-8.567964865693813408e+03
-1.952201703145629381e+03
-6.651460884371990687e+03
-1.721239286259721666e+03
-4.379584091491498839e+03
-1.165892074763176197e+03
-1.628956340231234662e+03
-3.912914330303592124e+03
-6.390366825732768348e+02
-1.197417447582817658e+03
-1.593471045455151398e+03
-3.583887901750185847e+03
-5.184003265678067692e+03
-3.839134914297852902e+03
-6.434168048635615378e+03
3.772886286523476542e+02
-5.794819334805246172e+02
4.672612401447662478e+02
-4.618460543477168358e+03
-4.607127353914597734e+03
-1.043700209030760743e+04
-3.853620250186379508e+03
-6.069161687960484414e+03
-3.338413292284328691e+03
-6.532320195684066675e+03
-3.010225819465827954e+03
-7.837583814796685147e+03
-4.517046089771055449e+03
-2.896785313172726092e+03
-6.119359704334901835e+03
-5.427376769658400917e+03
1.463095625936765600e+02
-3.032461091565126935e+03
-1.847833222517377408e+03
-6.164077744332971633e+03
-7.298341853727779380e+03
-7.786044682453122050e+02
-1.341957049829452262e+04
-2.501637881999606634e+03
-4.358121213224453641e+03
-5.156481213106532095e+02
-1.318990707574675071e+03
-3.687331657082061156e+03
-4.522570415795820736e+03
-1.077288029100091444e+04
8.171260444153410845e+02
-6.409033263882086430e+03
-4.761374343783451877e+03
-4.086286393901085603e+02
-3.432228605453322871e+03
-4.405502097377671817e+03
-9.137906777859674548e+03
-1.861252117482889844e+03
-4.334128834630114397e+03
-6.528765402176552016e+03
-3.100554190833387111e+03
-2.894234545524943314e+03
-1.251667227186039781e+03
-2.370862461755025379e+03
-8.267032211269429354e+01
-3.956624112803302523e+03
-3.169526229521640289e+03
-1.295744977004124667e+04
6.504993173586758815e+01
-5.806252574983815975e+03
-3.363029699979519592e+03
